           1 -0.64633165437177342       0.88888888888888895             9600   5.0000000000000003E-002
           2 -0.64754681453585372       0.88888888888888884             9600   5.0000000000000003E-002
           3 -0.64666053083264818       0.88888888888888862             9600   5.0000000000000003E-002
           4 -0.64750614163410869       0.88888888888888884             9600   5.0000000000000003E-002
           5 -0.64770216505652300       0.88888888888888884             9600   5.0000000000000003E-002
           6 -0.64743483048522754       0.88888888888888884             9600   5.0000000000000003E-002
           7 -0.64610198088471482       0.88888888888888884             9600   5.0000000000000003E-002
           8 -0.64760363038678459       0.88888888888888862             9600   5.0000000000000003E-002
           9 -0.64783126887026987       0.88888888888888862             9600   5.0000000000000003E-002
          10 -0.64778990830514971       0.88888888888888884             9600   5.0000000000000003E-002
          11 -0.64777604221929941       0.88888888888888862             9600   5.0000000000000003E-002
          12 -0.64800774953548679       0.88888888888888884             9600   5.0000000000000003E-002
          13 -0.64779534689629037       0.88888888888888884             9600   5.0000000000000003E-002
          14 -0.64848164615204418       0.88888888888888884             9600   5.0000000000000003E-002
          15 -0.64837930245134145       0.88888888888888862             9600   5.0000000000000003E-002
          16 -0.64953619336030599       0.88888888888888884             9600   5.0000000000000003E-002
          17 -0.64821865522161637       0.88888888888888884             9600   5.0000000000000003E-002
          18 -0.64863790318310810       0.88888888888888884             9600   5.0000000000000003E-002
          19 -0.64826321731390302       0.88888888888888895             9600   5.0000000000000003E-002
          20 -0.64827567835141575       0.88888888888888884             9600   5.0000000000000003E-002
          21 -0.64877812352749620       0.88888888888888884             9600   5.0000000000000003E-002
          22 -0.64824672692160556       0.88888888888888895             9600   5.0000000000000003E-002
          23 -0.64860440752410131       0.88888888888888862             9600   5.0000000000000003E-002
          24 -0.64865539650507731       0.88888888888888851             9600   5.0000000000000003E-002
          25 -0.64882345567599031       0.88888888888888862             9600   5.0000000000000003E-002
          26 -0.64890203196481144       0.88888888888888862             9600   5.0000000000000003E-002
          27 -0.64861465355432413       0.88888888888888862             9600   5.0000000000000003E-002
          28 -0.64883587692221367       0.88888888888888884             9600   5.0000000000000003E-002
          29 -0.64883615726408250       0.88888888888888884             9600   5.0000000000000003E-002
          30 -0.64911724459989628       0.88888888888888895             9600   5.0000000000000003E-002
          31 -0.64900602337108604       0.88888888888888884             9600   5.0000000000000003E-002
          32 -0.64864426152132315       0.88888888888888884             9600   5.0000000000000003E-002
          33 -0.64903732930330160       0.88888888888888884             9600   5.0000000000000003E-002
          34 -0.64884916200240605       0.88888888888888862             9600   5.0000000000000003E-002
          35 -0.64897207207303553       0.88888888888888884             9600   5.0000000000000003E-002
          36 -0.64922684469697456       0.88888888888888884             9600   5.0000000000000003E-002
          37 -0.64863009975312436       0.88888888888888862             9600   5.0000000000000003E-002
          38 -0.64700748840306110       0.88888888888888884             9600   5.0000000000000003E-002
          39 -0.64879191997573682       0.88888888888888862             9600   5.0000000000000003E-002
          40 -0.64920286175968711       0.88888888888888884             9600   5.0000000000000003E-002
          41 -0.64936983154043537       0.88888888888888862             9600   5.0000000000000003E-002
          42 -0.64878125370017414       0.88888888888888862             9600   5.0000000000000003E-002
          43 -0.64887027339861125       0.88888888888888862             9600   5.0000000000000003E-002
          44 -0.64923633226073618       0.88888888888888895             9600   5.0000000000000003E-002
          45 -0.64901951706474825       0.88888888888888862             9600   5.0000000000000003E-002
          46 -0.64929587807577105       0.88888888888888895             9600   5.0000000000000003E-002
          47 -0.64799625336148636       0.88888888888888862             9600   5.0000000000000003E-002
          48 -0.64902311352875619       0.88888888888888862             9600   5.0000000000000003E-002
          49 -0.64932677847834808       0.88888888888888884             9600   5.0000000000000003E-002
          50 -0.64914874206418227       0.88888888888888884             9600   5.0000000000000003E-002
          51 -0.64940950975682998       0.88888888888888884             9600   5.0000000000000003E-002
          52 -0.64894269146687045       0.88888888888888862             9600   5.0000000000000003E-002
          53 -0.64915595516057512       0.88888888888888884             9600   5.0000000000000003E-002
          54 -0.64908999522084254       0.88888888888888884             9600   5.0000000000000003E-002
          55 -0.64952987080686297       0.88888888888888862             9600   5.0000000000000003E-002
          56 -0.64948431226062764       0.88888888888888851             9600   5.0000000000000003E-002
          57 -0.64949436122541648       0.88888888888888862             9600   5.0000000000000003E-002
          58 -0.64907435074682496       0.88888888888888851             9600   5.0000000000000003E-002
          59 -0.64933528282617703       0.88888888888888840             9600   5.0000000000000003E-002
          60 -0.63264178679342020       0.88888888888888884             9600   5.0000000000000003E-002
          61 -0.64936817751809006       0.88888888888888851             9600   5.0000000000000003E-002
          62 -0.64913191299514228       0.88888888888888862             9600   5.0000000000000003E-002
          63 -0.64922770000326346       0.88888888888888862             9600   5.0000000000000003E-002
          64 -0.64949496196436740       0.88888888888888862             9600   5.0000000000000003E-002
          65 -0.64952819195220013       0.88888888888888884             9600   5.0000000000000003E-002
          66 -0.64907898252049101       0.88888888888888884             9600   5.0000000000000003E-002
          67 -0.64931861503657429       0.88888888888888884             9600   5.0000000000000003E-002
          68 -0.64900026932254651       0.88888888888888884             9600   5.0000000000000003E-002
          69 -0.64958287882442944       0.88888888888888884             9600   5.0000000000000003E-002
          70 -0.64956692921762704       0.88888888888888895             9600   5.0000000000000003E-002
          71 -0.64945123043632602       0.88888888888888862             9600   5.0000000000000003E-002
          72 -0.64940450628291846       0.88888888888888862             9600   5.0000000000000003E-002
          73 -0.63790305594608754       0.88888888888888895             9600   5.0000000000000003E-002
          74 -0.63313919704620492       0.88888888888888862             9600   5.0000000000000003E-002
          75 -0.64934714681526795       0.88888888888888884             9600   5.0000000000000003E-002
          76 -0.64936006802825241       0.88888888888888884             9600   5.0000000000000003E-002
          77 -0.64949525655475193       0.88888888888888884             9600   5.0000000000000003E-002
          78 -0.64951707753499355       0.88888888888888862             9600   5.0000000000000003E-002
          79 -0.64945095926209384       0.88888888888888884             9600   5.0000000000000003E-002
          80 -0.64974576447612109       0.88888888888888884             9600   5.0000000000000003E-002
          81 -0.64929829363652292       0.88888888888888884             9600   5.0000000000000003E-002
          82 -0.64923744885484502       0.88888888888888884             9600   5.0000000000000003E-002
          83 -0.64983314524375324       0.88888888888888862             9600   5.0000000000000003E-002
          84 -0.64939514078412841       0.88888888888888884             9600   5.0000000000000003E-002
          85 -0.64962229094924162       0.88888888888888895             9600   5.0000000000000003E-002
          86 -0.64948957186367817       0.88888888888888862             9600   5.0000000000000003E-002
          87 -0.64963314764747848       0.88888888888888862             9600   5.0000000000000003E-002
          88 -0.64510546613613684       0.88888888888888895             9600   5.0000000000000003E-002
          89 -0.64839822705965144       0.88888888888888862             9600   5.0000000000000003E-002
          90 -0.64963820230318448       0.88888888888888884             9600   5.0000000000000003E-002
          91 -0.64949077898283269       0.88888888888888884             9600   5.0000000000000003E-002
          92 -0.64946131818360764       0.88888888888888851             9600   5.0000000000000003E-002
          93 -0.64948326389795030       0.88888888888888895             9600   5.0000000000000003E-002
          94 -0.64928614380756766       0.88888888888888862             9600   5.0000000000000003E-002
          95 -0.64953904178714861       0.88888888888888862             9600   5.0000000000000003E-002
          96 -0.64959694100285181       0.88888888888888884             9600   5.0000000000000003E-002
          97 -0.64975356347473823       0.88888888888888884             9600   5.0000000000000003E-002
          98 -0.64928422798101015       0.88888888888888884             9600   5.0000000000000003E-002
          99 -0.64971877582483051       0.88888888888888862             9600   5.0000000000000003E-002
         100 -0.64993939401202139       0.88888888888888862             9600   5.0000000000000003E-002
           1 -0.64968488224385401       0.88888888888888884            18000   5.0000000000000003E-002
           2 -0.65010004432086121       0.88888888888888884            18000   5.0000000000000003E-002
           3 -0.64988141793465337       0.88888888888888884            18000   5.0000000000000003E-002
           4 -0.64972039994070951       0.88888888888888884            18000   5.0000000000000003E-002
           5 -0.64991141139100095       0.88888888888888895            18000   5.0000000000000003E-002
           6 -0.65002266847042434       0.88888888888888884            18000   5.0000000000000003E-002
           7 -0.64982266023469271       0.88888888888888895            18000   5.0000000000000003E-002
           8 -0.64995079382309040       0.88888888888888895            18000   5.0000000000000003E-002
           9 -0.64991935811937263       0.88888888888888895            18000   5.0000000000000003E-002
          10 -0.65005651212429960       0.88888888888888895            18000   5.0000000000000003E-002
          11 -0.64983722107066588       0.88888888888888884            18000   5.0000000000000003E-002
          12 -0.65005796389153792       0.88888888888888895            18000   5.0000000000000003E-002
          13 -0.65004003569807678       0.88888888888888895            18000   5.0000000000000003E-002
          14 -0.64991164367735799       0.88888888888888862            18000   5.0000000000000003E-002
          15 -0.80317021879911910       0.88888888888888895            18000   5.0000000000000003E-002
          16 -0.64979259020414104       0.88888888888888862            18000   5.0000000000000003E-002
          17 -0.65271098857396248       0.88888888888888884            18000   5.0000000000000003E-002
          18 -0.64998035445991886       0.88888888888888884            18000   5.0000000000000003E-002
          19 -0.64999000451751032       0.88888888888888884            18000   5.0000000000000003E-002
          20 -0.65003822502359576       0.88888888888888862            18000   5.0000000000000003E-002
          21 -0.65030159980647129       0.88888888888888895            18000   5.0000000000000003E-002
          22 -0.64996880549691982       0.88888888888888884            18000   5.0000000000000003E-002
          23 -0.65001835289343557       0.88888888888888862            18000   5.0000000000000003E-002
          24 -0.65027702360887496       0.88888888888888895            18000   5.0000000000000003E-002
          25 -0.64984752318279682       0.88888888888888884            18000   5.0000000000000003E-002
          26 -0.65001734471034978       0.88888888888888895            18000   5.0000000000000003E-002
          27 -0.65023189433246276       0.88888888888888884            18000   5.0000000000000003E-002
          28 -0.64970699450638902       0.88888888888888884            18000   5.0000000000000003E-002
          29 -0.65018932051976652       0.88888888888888884            18000   5.0000000000000003E-002
          30 -0.65027858163620544       0.88888888888888895            18000   5.0000000000000003E-002
          31 -0.65039924781226766       0.88888888888888862            18000   5.0000000000000003E-002
          32 -0.65041623334006238       0.88888888888888862            18000   5.0000000000000003E-002
          33 -0.65055232265502050       0.88888888888888884            18000   5.0000000000000003E-002
          34 -0.65038556427844674       0.88888888888888895            18000   5.0000000000000003E-002
          35 -0.65062097547214737       0.88888888888888884            18000   5.0000000000000003E-002
          36 -0.65027041237473371       0.88888888888888862            18000   5.0000000000000003E-002
          37 -0.65082125274158520       0.88888888888888884            18000   5.0000000000000003E-002
          38 -0.65167328103918043       0.88888888888888895            18000   5.0000000000000003E-002
          39 -0.65042573700719220       0.88888888888888884            18000   5.0000000000000003E-002
          40 -0.65062645469960179       0.88888888888888895            18000   5.0000000000000003E-002
          41 -0.65060328157076996       0.88888888888888884            18000   5.0000000000000003E-002
          42 -0.65118010164096540       0.88888888888888895            18000   5.0000000000000003E-002
          43 -0.65083235543143991       0.88888888888888884            18000   5.0000000000000003E-002
          44 -0.65050398402281695       0.88888888888888884            18000   5.0000000000000003E-002
          45 -0.65077476822883162       0.88888888888888895            18000   5.0000000000000003E-002
          46 -0.65050141869377376       0.88888888888888884            18000   5.0000000000000003E-002
          47 -0.65104858431330881       0.88888888888888862            18000   5.0000000000000003E-002
          48 -0.64917923837277791       0.88888888888888862            18000   5.0000000000000003E-002
          49 -0.65068062015364558       0.88888888888888884            18000   5.0000000000000003E-002
          50 -0.65068697281370380       0.88888888888888862            18000   5.0000000000000003E-002
          51 -0.65055645176045629       0.88888888888888884            18000   5.0000000000000003E-002
          52 -0.65049331893594842       0.88888888888888884            18000   5.0000000000000003E-002
          53 -0.65062642851159802       0.88888888888888884            18000   5.0000000000000003E-002
          54 -0.65007932056659501       0.88888888888888862            18000   5.0000000000000003E-002
          55 -0.65105753870666849       0.88888888888888884            18000   5.0000000000000003E-002
          56 -0.65076868916965203       0.88888888888888884            18000   5.0000000000000003E-002
          57 -0.65082872653279999       0.88888888888888884            18000   5.0000000000000003E-002
          58 -0.65082890389496306       0.88888888888888862            18000   5.0000000000000003E-002
          59 -0.65141929120268804       0.88888888888888884            18000   5.0000000000000003E-002
          60 -0.65114968899948367       0.88888888888888862            18000   5.0000000000000003E-002
          61 -0.65102057533416002       0.88888888888888851            18000   5.0000000000000003E-002
          62 -0.65095308095588478       0.88888888888888884            18000   5.0000000000000003E-002
          63 -0.65077829889132255       0.88888888888888862            18000   5.0000000000000003E-002
          64 -0.65107336838657848       0.88888888888888851            18000   5.0000000000000003E-002
          65 -0.65097930414298111       0.88888888888888884            18000   5.0000000000000003E-002
          66 -0.65090600720703995       0.88888888888888884            18000   5.0000000000000003E-002
          67 -0.65115726148234787       0.88888888888888862            18000   5.0000000000000003E-002
          68 -0.65101194101687321       0.88888888888888862            18000   5.0000000000000003E-002
          69 -0.65078752925622818       0.88888888888888862            18000   5.0000000000000003E-002
          70 -0.65109248997214286       0.88888888888888884            18000   5.0000000000000003E-002
          71 -0.65103244083541145       0.88888888888888851            18000   5.0000000000000003E-002
          72 -0.65084182260158541       0.88888888888888862            18000   5.0000000000000003E-002
          73 -0.65112474557219102       0.88888888888888884            18000   5.0000000000000003E-002
          74 -0.65135598077794976       0.88888888888888884            18000   5.0000000000000003E-002
          75 -0.65154621710908245       0.88888888888888862            18000   5.0000000000000003E-002
          76 -0.65124854405462851       0.88888888888888884            18000   5.0000000000000003E-002
          77 -0.65111056962632408       0.88888888888888862            18000   5.0000000000000003E-002
          78 -0.65080174757089237       0.88888888888888884            18000   5.0000000000000003E-002
          79 -0.65117975184382282       0.88888888888888884            18000   5.0000000000000003E-002
          80 -0.65189624137591340       0.88888888888888862            18000   5.0000000000000003E-002
           1 -0.65082994904027358       0.88888888888888862            28800   5.0000000000000003E-002
           2 -0.65169190024814150       0.88888888888888862            28800   5.0000000000000003E-002
           3 -0.65157234505090345       0.88888888888888884            28800   5.0000000000000003E-002
           4 -0.65061361964397224       0.88888888888888840            28800   5.0000000000000003E-002
           5 -0.65095589537165111       0.88888888888888851            28800   5.0000000000000003E-002
           6 -0.65185643401285953       0.88888888888888862            28800   5.0000000000000003E-002
           7 -0.65166143078597993       0.88888888888888862            28800   5.0000000000000003E-002
           8 -0.65252186615255281       0.88888888888888862            28800   5.0000000000000003E-002
           9 -0.65354983938482569       0.88888888888888862            28800   5.0000000000000003E-002
          10 -0.65068851694581975       0.88888888888888862            28800   5.0000000000000003E-002
          11 -0.65120356954125358       0.88888888888888862            28800   5.0000000000000003E-002
          12 -0.65174891580155714       0.88888888888888884            28800   5.0000000000000003E-002
          13 -0.65284918622793209       0.88888888888888884            28800   5.0000000000000003E-002
          14 -0.65004809723702650       0.88888888888888884            28800   5.0000000000000003E-002
          15 -0.65113537463052251       0.88888888888888851            28800   5.0000000000000003E-002
          16 -0.65147464037912661       0.88888888888888862            28800   5.0000000000000003E-002
          17 -0.65149152429597224       0.88888888888888862            28800   5.0000000000000003E-002
          18 -0.65170230817845487       0.88888888888888884            28800   5.0000000000000003E-002
          19 -0.65177965306925234       0.88888888888888862            28800   5.0000000000000003E-002
          20 -0.65155614093515790       0.88888888888888862            28800   5.0000000000000003E-002
          21 -0.65228109849990690       0.88888888888888851            28800   5.0000000000000003E-002
          22 -0.65211283728060232       0.88888888888888862            28800   5.0000000000000003E-002
          23 -0.65165969978376304       0.88888888888888851            28800   5.0000000000000003E-002
          24 -0.65181990436410531       0.88888888888888884            28800   5.0000000000000003E-002
          25 -0.65185353980181759       0.88888888888888862            28800   5.0000000000000003E-002
          26 -0.65237282576596090       0.88888888888888884            28800   5.0000000000000003E-002
          27 -0.65159534220041115       0.88888888888888884            28800   5.0000000000000003E-002
          28 -0.65220169301371711       0.88888888888888851            28800   5.0000000000000003E-002
          29 -0.65137387868284946       0.88888888888888884            28800   5.0000000000000003E-002
          30 -0.65217145163786672       0.88888888888888895            28800   5.0000000000000003E-002
          31 -0.65383605763460984       0.88888888888888884            28800   5.0000000000000003E-002
          32 -0.65113575937667834       0.88888888888888862            28800   5.0000000000000003E-002
          33 -0.64344701389366699       0.88888888888888862            28800   5.0000000000000003E-002
          34 -0.65154251354252446       0.88888888888888862            28800   5.0000000000000003E-002
          35 -0.70091854235529505       0.88888888888888884            28800   5.0000000000000003E-002
          36 -0.65218314015113987       0.88888888888888862            28800   5.0000000000000003E-002
          37 -0.65278593887318570       0.88888888888888862            28800   5.0000000000000003E-002
          38 -0.65311875726428137       0.88888888888888884            28800   5.0000000000000003E-002
          39 -0.61247463512139144       0.88888888888888862            28800   5.0000000000000003E-002
          40 -0.65075166666364026       0.88888888888888862            28800   5.0000000000000003E-002
          41 -0.65330908691986378       0.88888888888888851            28800   5.0000000000000003E-002
          42 -0.65170018133055196       0.88888888888888862            28800   5.0000000000000003E-002
          43 -0.65222309096433218       0.88888888888888884            28800   5.0000000000000003E-002
          44 -0.65183957864268738       0.88888888888888862            28800   5.0000000000000003E-002
          45 -0.65174223092278660       0.88888888888888884            28800   5.0000000000000003E-002
          46 -0.65208301432918814       0.88888888888888862            28800   5.0000000000000003E-002
          47 -0.65192180552638257       0.88888888888888862            28800   5.0000000000000003E-002
           1 -0.65207491432812181       0.88888888888888862            28800   5.0000000000000003E-002
           2 -0.65186105702813257       0.88888888888888862            28800   5.0000000000000003E-002
           3 -0.65210488628350216       0.88888888888888862            28800   5.0000000000000003E-002
           4 -0.65280248195970370       0.88888888888888862            28800   5.0000000000000003E-002
           5 -0.65330473175117532       0.88888888888888895            28800   5.0000000000000003E-002
           6 -0.65227370012485675       0.88888888888888884            28800   5.0000000000000003E-002
           7 -0.65307121396405143       0.88888888888888884            28800   5.0000000000000003E-002
           8 -0.65216726346389642       0.88888888888888862            28800   5.0000000000000003E-002
           9 -0.65233588819636068       0.88888888888888862            28800   5.0000000000000003E-002
          10 -0.65232188770597366       0.88888888888888862            28800   5.0000000000000003E-002
          11 -0.65245705184049085       0.88888888888888851            28800   5.0000000000000003E-002
          12 -0.65245701931124012       0.88888888888888884            28800   5.0000000000000003E-002
          13 -0.65500984203084778       0.88888888888888862            28800   5.0000000000000003E-002
          14 -0.64960785937957921       0.88888888888888884            28800   5.0000000000000003E-002
          15 -0.65266743844856268       0.88888888888888895            28800   5.0000000000000003E-002
          16 -0.65331614382346859       0.88888888888888851            28800   5.0000000000000003E-002
          17 -0.65232862337008723       0.88888888888888884            28800   5.0000000000000003E-002
          18 -0.65235863243619441       0.88888888888888862            28800   5.0000000000000003E-002
          19 -0.65226525952167447       0.88888888888888851            28800   5.0000000000000003E-002
          20 -0.65270767820325604       0.88888888888888862            28800   5.0000000000000003E-002
          21 -0.65248771007000317       0.88888888888888862            28800   5.0000000000000003E-002
          22 -0.65266430376383133       0.88888888888888840            28800   5.0000000000000003E-002
          23 -0.65302255134670995       0.88888888888888884            28800   5.0000000000000003E-002
          24 -0.65258411011711603       0.88888888888888895            28800   5.0000000000000003E-002
          25 -0.65299476138493306       0.88888888888888862            28800   5.0000000000000003E-002
          26 -0.65312111375451898       0.88888888888888884            28800   5.0000000000000003E-002
          27 -0.65216881728514120       0.88888888888888862            28800   5.0000000000000003E-002
          28 -0.65223480842274362       0.88888888888888895            28800   5.0000000000000003E-002
          29 -0.65284175396014743       0.88888888888888884            28800   5.0000000000000003E-002
          30 -0.65266677032633158       0.88888888888888884            28800   5.0000000000000003E-002
          31 -0.65090600871974380       0.88888888888888840            28800   5.0000000000000003E-002
          32 -0.65324050481257967       0.88888888888888862            28800   5.0000000000000003E-002
          33 -0.65799650533481646       0.88888888888888862            28800   5.0000000000000003E-002
          34 -0.65384230046505876       0.88888888888888862            28800   5.0000000000000003E-002
          35 -0.65252725395634592       0.88888888888888884            28800   5.0000000000000003E-002
          36 -0.65245714163947777       0.88888888888888862            28800   5.0000000000000003E-002
          37 -0.65229428821273372       0.88888888888888851            28800   5.0000000000000003E-002
          38 -0.65254227213786720       0.88888888888888884            28800   5.0000000000000003E-002
          39 -0.65270133082395543       0.88888888888888862            28800   5.0000000000000003E-002
          40 -0.65268193513632877       0.88888888888888884            28800   5.0000000000000003E-002
          41 -0.65250229381717906       0.88888888888888884            28800   5.0000000000000003E-002
          42 -0.65277548180006073       0.88888888888888884            28800   5.0000000000000003E-002
          43 -0.65356709301600446       0.88888888888888884            28800   5.0000000000000003E-002
          44 -0.65288096218511515       0.88888888888888862            28800   5.0000000000000003E-002
          45 -0.65271159003842516       0.88888888888888884            28800   5.0000000000000003E-002
          46 -0.65282624170621750       0.88888888888888884            28800   5.0000000000000003E-002
          47 -0.65293568714758110       0.88888888888888884            28800   5.0000000000000003E-002
          48 -0.65301536069225008       0.88888888888888862            28800   5.0000000000000003E-002
          49 -0.65293057998643711       0.88888888888888862            28800   5.0000000000000003E-002
          50 -0.65293306465346856       0.88888888888888862            28800   5.0000000000000003E-002
          51 -0.65295019584815606       0.88888888888888884            28800   5.0000000000000003E-002
          52 -0.65296647526076790       0.88888888888888862            28800   5.0000000000000003E-002
          53 -0.65263491903601045       0.88888888888888862            28800   5.0000000000000003E-002
          54 -0.66821250135890542       0.88888888888888862            28800   5.0000000000000003E-002
          55 -0.65155868198079592       0.88888888888888862            28800   5.0000000000000003E-002
          56 -0.65186076839287199       0.88888888888888862            28800   5.0000000000000003E-002
          57 -0.65218836099762634       0.88888888888888884            28800   5.0000000000000003E-002
          58 -0.65250060409128685       0.88888888888888862            28800   5.0000000000000003E-002
          59 -0.65216548045954770       0.88888888888888884            28800   5.0000000000000003E-002
          60 -0.65238398179339452       0.88888888888888862            28800   5.0000000000000003E-002
          61 -0.65292885925608746       0.88888888888888884            28800   5.0000000000000003E-002
          62 -0.65390280116050581       0.88888888888888884            28800   5.0000000000000003E-002
          63 -0.65243807632784401       0.88888888888888884            28800   5.0000000000000003E-002
          64 -0.65144265743582053       0.88888888888888862            28800   5.0000000000000003E-002
          65 -0.65286242951368390       0.88888888888888884            28800   5.0000000000000003E-002
          66 -0.65260393241832182       0.88888888888888862            28800   5.0000000000000003E-002
          67 -0.65382781362751297       0.88888888888888884            28800   5.0000000000000003E-002
          68 -0.65248714819499576       0.88888888888888862            28800   5.0000000000000003E-002
          69 -0.65273660173934511       0.88888888888888851            28800   5.0000000000000003E-002
          70 -0.65327998107877516       0.88888888888888862            28800   5.0000000000000003E-002
          71 -0.65267257998121597       0.88888888888888884            28800   5.0000000000000003E-002
          72 -0.65307173865976076       0.88888888888888862            28800   5.0000000000000003E-002
           2 -0.65279562956361870       0.88888888888888862            43200   5.0000000000000003E-002
           3 -0.65350783288627845       0.88888888888888884            43200   5.0000000000000003E-002
           4 -0.65344417240936148       0.88888888888888895            43200   5.0000000000000003E-002
           5 -0.65302798399210327       0.88888888888888862            43200   5.0000000000000003E-002
           6 -0.65316947068900011       0.88888888888888862            43200   5.0000000000000003E-002
           7 -0.65326256445000264       0.88888888888888862            43200   5.0000000000000003E-002
           8 -0.65355198764426314       0.88888888888888884            43200   5.0000000000000003E-002
           9 -0.65165879908468927       0.88888888888888862            43200   5.0000000000000003E-002
          10 -0.65298078562997708       0.88888888888888884            43200   5.0000000000000003E-002
          11 -0.65294682399068316       0.88888888888888895            43200   5.0000000000000003E-002
          12 -0.64998563061678871       0.88888888888888895            43200   5.0000000000000003E-002
          13 -0.66310228972581708       0.88888888888888884            43200   5.0000000000000003E-002
          14 -0.65311551929933864       0.88888888888888895            43200   5.0000000000000003E-002
          15 -0.65569452144814788       0.88888888888888928            43200   5.0000000000000003E-002
          16 -0.65311567035736484       0.88888888888888884            43200   5.0000000000000003E-002
          17 -0.65333953057848349       0.88888888888888884            43200   5.0000000000000003E-002
          18 -0.65250448116264104       0.88888888888888884            43200   5.0000000000000003E-002
          19 -0.65312164071505385       0.88888888888888884            43200   5.0000000000000003E-002
